001:陈飞志:计算机大专:001,002,003,004,005
002:成安德:电子信息本科:003,004,005,006
003:赵全科:计算机大专:003,004,006,007
004:郑楠:计算机大专:003,004,006,007,008
005:王红岩:计算机本科:003,006
006:乔楠:计算机本科:001,002,003,004,006,007
007:赵燕芬:计算机本科:003,004,006,007
008:李昕:广告本科:003,004,006,007
009:王奕:通信工程大专:007,008
010:李伟强:通信工程大专:006,007
011:王苏苏:数学本科:001,003,004
012:曲鑫鑫:计算机大专:003,004,006,007
013:顾振乔:计算机本科:003,004,006,007
014:宋江星:计算机大专:003,004,006,007,008
015:江恒宇:计算机大专:003,004,006,007
016:吴志强:信息系统本科:001,002,008
017:常小川:计算机大专:003,004,006,007
018:谢雷:计算机本科:003,004,005,006,007
019:吴磊:计算机大专:001,002,003,004,005,006,007,008
020:袁飞:计算机本科:003,004,006,007
021:吴庆搏:计算机大专:003,004,006,007
022:李建强:信息与计算科学本科:006,007,008
023:岳欣:计算机大专:001,002,006,007
024:贺柏:通信工程本科:001,003,004,006,007
025:田辉:计算机大专:003,004,005,006,007

